testData/bsrg0010.20i
     1.0            IONOSPHERE MAPS     GNSS                IONEX VERSION / TYPE
IRIS V2.0           IRIS                02-Jan-20 04:45     PGM / RUN BY / DATE 
BUAA'S GLOBAL IONOSPHERE MAPS FOR DAY 001, 2020             COMMENT             
Contact address: Cheng WANG, acheng@buaa.edu.cn             DESCRIPTION         
Web page:        http://ionosphere.cn                       DESCRIPTION         
STAR Labs at Beihang University                             COMMENT             
FLASH Pro from STAR Labs @BUAA                              COMMENT             
  2020     1     1     0     0     0                        EPOCH OF FIRST MAP  
  2020     1     2     0     0     0                        EPOCH OF LAST MAP  
  3600                                                      INTERVAL            
    25                                                      # OF MAPS IN FILE   
  MSLM                                                      MAPPING FUNCTION    
Two-way carrier phase leveled to code                       OBSERVABLES USED    
   257                                                      # OF STATIONS       
    31                                                      # OF SATELLITES     
  6371.0                                                    BASE RADIUS         
     2                                                      MAP DIMENSION       
   450.0 450.0   0.0                                        HGT1 / HGT2 / DHGT  
    87.5 -87.5  -2.5                                        LAT1 / LAT2 / DLAT  
  -180.0 180.0   5.0                                        LON1 / LON2 / DLON  
    -1                                                      EXPONENT            
TEC/RMS values in 0.1 TECU; 9999, if no value available     COMMENT             
List of stations:                                           COMMENT             
abmf abpo adis aira albh alg3 algo alic ankr areg areq artu COMMENT             
aruc ascg aspa badg baie bake bamf barh bcov bor1 brew brft COMMENT             
brst brux bshm bucu bzrg cas1 ccj2 cebr cedu chan chpg chpi COMMENT             
chu2 chum chur chwk ckis clrs cnmr cord cpvg cro1 cusv cztg COMMENT             
dakr darw dav1 dgar djig dra3 dra4 drao dubo dyng eliz eur2 COMMENT             
faa1 fair flin flrs frdn ftna func ganp geno glps glsv gmsd COMMENT             
gode godn gods godz gol2 gold gop7 gope grac gras guug harb COMMENT             
hers hert hlfx hnpt hob2 hofn holb hrao ieng iisc iqal irkm COMMENT             
ista jfng joz2 joze jplm karr kat1 kerg kir0 kiri kiru kokb COMMENT             
kokv koug kour krgg lama laut lhaz lmmf lovj lpal m0se mac1 COMMENT             
mad2 madr mag0 maju mal2 mana mar6 mars mas1 mat1 mate maw1 COMMENT             
mayg mbar mcm4 meli metg mets mgue mikl mobj mobk mobn mobs COMMENT             
morp mro1 nano naur nico nist nium nklg nlib nnor nrc1 nril COMMENT             
ntka nya1 nyal ohi3 ons1 onsa orid palm park pdel penc pert COMMENT             
pets pgc5 picl pie1 pimo pngm pohn pol2 polv prd2 prd3 prds COMMENT             
ptal ptbb ptgg ptrf ptvl quad quin redu reun reyk rgdg riga COMMENT             
roth samo sant sask sc04 sch2 scor sey2 seyg sfer sofi solo COMMENT             
spt0 sthl stj2 stjo stk2 str1 str2 suth suwn svtl sydn syog COMMENT             
tfno thtg thti thu2 tid1 tidb tixg tixi tlse tlsg tong tow2 COMMENT             
tro1 tsk2 tskb uclu unbj usn7 usud vacs vald vill vis0 whit COMMENT             
will wroc wtza wtzr wtzs xmis yakt yar3 yarr yebe yel2 yel3 COMMENT             
yell yssk zeck zim2 zimm                                    COMMENT             
                                                            END OF HEADER       
[from data line 2145]
     6                                                      START OF TEC MAP    
  2020     1     1     5     0     0                        EPOCH OF CURRENT MAP
    87.5-180.0 180.0   5.0 450.0                            LAT/LON1/LON2/DLON/H
   18   19   19   19   20   20   20   21   21   21   21   22   22   22   22   22
   23   23   23   23   23   23   23   23   23   23   22   22   22   22   22   22
   22   22   21   21   21   21   21   20   20   20   20   19   19   19   18   18
   18   18   18   17   17   17   17   17   17   17   17   17   17   17   17   17
   17   17   17   17   17   18   18   18   18
    85.0-180.0 180.0   5.0 450.0                            LAT/LON1/LON2/DLON/H
   16   17   18   18   19   20   20   21   22   22   23   23   24   24   24   24
   24   24   24   24   24   23   23   23   23   23   23   23   23   23   22   22
   22   22   22   21   21   21   20   20   19   19   18   18   17   17   16   16
   15   15   15   14   14   14   14   14   14   13   13   13   13   13   13   13
   14   14   14   14   14   15   15   16   16
    82.5-180.0 180.0   5.0 450.0                            LAT/LON1/LON2/DLON/H
   14   15   16   17   18   19   20   22   23   24   24   25   25   26   26   25
   25   25   24   23   23   22   22   22   21   21   21   21   21   21   21   21
   21   21   21   21   21   20   20   19   18   18   17   16   15   14   14   13
   13   12   12   12   12   12   12   12   12   12   12   12   12   12   12   12
   12   12   12   12   12   12   13   13   14
    80.0-180.0 180.0   5.0 450.0                            LAT/LON1/LON2/DLON/H
   12   13   14   15   17   19   20   22   24   25   27   27   28   28   27   26
   25   24   23   22   21   20   20   19   19   19   19   19   19   19   20   20
   20   20   20   20   19   19   18   17   17   16   15   14   13   12   11   11
   10   10   11   11   11   12   12   13   13   14   14   14   14   14   14   14
   13   13   12   12   12   11   11   12   12
    77.5-180.0 180.0   5.0 450.0                            LAT/LON1/LON2/DLON/H
   11   12   13   14   16   18   20   23   25   27   29   30   30   30   29   28
   26   24   22   21   19   18   17   17   17   17   17   17   18   18   18   18
   19   19   19   18   18   17   16   16   14   13   12   11   10   10    9    9
    9   10   10   11   13   14   15   16   17   18   19   19   19   19   19   18
   17   17   16   15   14   13   12   11   11
    75.0-180.0 180.0   5.0 450.0                            LAT/LON1/LON2/DLON/H
   12   12   12   13   15   17   20   24   27   30   32   33   33   32   31   29
   27   24   22   20   18   17   17   16   16   16   17   17   17   17   17   17
   17   17   17   16   16   15   14   13   12   11   10    9    8    8    8    8
    9   10   12   14   16   18   20   22   24   25   26   26   26   26   25   25
   24   22   21   19   18   16   14   13   12
    72.5-180.0 180.0   5.0 450.0                            LAT/LON1/LON2/DLON/H
   15   13   12   13   14   17   20   24   28   31   34   35   36   35   33   30
   27   24   22   20   19   18   18   18   18   18   18   18   18   18   18   17
   16   16   15   14   13   13   12   11   10    9    9    8    8    8    8    9
   11   13   16   19   22   24   27   29   31   32   33   34   34   33   33   32
   31   29   28   26   24   22   19   17   15
    70.0-180.0 180.0   5.0 450.0                            LAT/LON1/LON2/DLON/H
   19   16   14   14   14   17   20   24   28   32   35   37   37   36   34   31
   28   25   23   22   21   21   21   22   22   22   22   21   20   19   18   17
   16   14   13   12   11   10    9    9    9    8    8    8    8    9   10   12
   15   18   21   25   28   31   34   37   38   40   41   41   41   40   39   38
   37   36   35   33   31   28   25   22   19
    67.5-180.0 180.0   5.0 450.0                            LAT/LON1/LON2/DLON/H
   25   21   18   16   16   17   20   24   28   33   36   38   38   37   35   32
   29   26   24   23   23   24   25   26   26   26   25   24   22   20   19   17
   15   13   11   10    9    8    8    8    8    8    9   10   10   12   14   16
   20   24   27   31   35   38   41   43   45   46   46   46   46   45   44   43
   42   41   40   39   37   35   32   28   25
    65.0-180.0 180.0   5.0 450.0                            LAT/LON1/LON2/DLON/H
   31   27   23   19   18   18   20   23   28   32   35   37   38   36   34   31
   28   26   25   25   26   26   28   28   28   28   27   25   23   21   18   16
   14   12   10    8    7    7    7    8    9   10   11   12   14   16   18   22
   26   30   34   38   41   44   46   48   49   50   50   50   49   48   47   46
   45   44   44   43   43   41   39   35   31
    62.5-180.0 180.0   5.0 450.0                            LAT/LON1/LON2/DLON/H
   38   33   28   25   22   21   21   23   27   30   34   35   36   35   33   30
   28   26   25   25   26   27   28   28   28   28   26   24   22   20   18   15
   13   11    9    8    7    7    7    9   11   13   15   16   18   20   23   27
   32   36   40   44   46   48   50   51   52   52   53   52   51   50   49   47
   46   46   46   47   47   46   44   41   38
    60.0-180.0 180.0   5.0 450.0                            LAT/LON1/LON2/DLON/H
   44   40   35   31   27   25   24   24   26   29   31   33   33   32   30   28
   26   25   24   24   24   25   25   25   25   25   23   22   20   18   17   15
   14   12   11    9    8    8   10   12   14   17   19   21   23   25   28   33
   37   42   46   49   51   52   53   53   54   55   55   55   54   53   51   49
   48   48   48   49   50   50   49   47   44
    57.5-180.0 180.0   5.0 450.0                            LAT/LON1/LON2/DLON/H
   49   46   42   38   34   30   27   26   27   28   30   31   31   30   28   27
   25   24   22   21   20   20   20   20   21   21   20   19   18   18   17   16
   16   15   14   13   12   12   14   16   19   22   24   25   27   30   33   38
   42   47   51   53   54   55   55   55   56   57   58   58   58   56   54   52
   50   50   50   51   52   53   53   52   49
    55.0-180.0 180.0   5.0 450.0                            LAT/LON1/LON2/DLON/H
   54   52   49   46   41   37   32   29   28   28   29   30   29   29   27   26
   24   22   20   18   16   15   14   15   16   18   19   19   19   19   19   20
   20   20   19   18   18   18   20   22   25   27   29   30   31   34   37   42
   47   52   56   58   58   58   58   58   59   61   62   63   63   61   59   56
   54   53   53   53   54   55   56   55   54
    52.5-180.0 180.0   5.0 450.0                            LAT/LON1/LON2/DLON/H
   57   56   55   53   49   44   38   34   31   30   30   30   30   29   27   26
   24   22   19   16   13   11   11   12   15   19   21   23   24   25   25   26
   26   26   26   25   25   25   26   29   31   32   33   34   35   38   42   47
   53   58   61   63   63   63   62   63   64   66   68   68   68   66   64   61
   59   57   57   57   57   58   58   57   57
    50.0-180.0 180.0   5.0 450.0                            LAT/LON1/LON2/DLON/H
   59   59   59   58   55   50   44   39   35   33   33   33   33   31   29   28
   26   23   20   16   13   11   11   15   20   25   30   32   34   34   34   34
   34   34   34   33   33   33   34   35   37   38   38   39   40   42   47   53
   59   64   67   69   69   69   68   69   70   71   73   73   72   71   69   66
   64   62   61   60   60   60   59   59   59
    47.5-180.0 180.0   5.0 450.0                            LAT/LON1/LON2/DLON/H
   59   60   61   62   60   56   50   44   40   38   38   39   38   36   34   32
   30   27   24   20   17   16   18   23   30   37   43   47   47   47   45   43
   43   42   42   41   40   40   40   41   42   43   43   43   45   48   53   59
   65   70   74   76   76   76   75   76   76   76   76   75   74   73   71   69
   67   66   64   63   62   61   60   59   59
    45.0-180.0 180.0   5.0 450.0                            LAT/LON1/LON2/DLON/H
   58   59   61   64   63   60   54   48   44   44   45   46   46   44   41   38
   36   34   32   29   27   28   31   38   46   54   60   64   63   61   57   53
   51   50   49   47   46   45   45   46   46   47   47   48   51   55   60   66
   72   77   80   82   83   83   83   82   82   80   78   76   73   72   71   70
   69   68   66   65   64   63   60   59   58
    42.5-180.0 180.0   5.0 450.0                            LAT/LON1/LON2/DLON/H
   56   57   60   63   63   61   56   51   48   49   52   54   55   53   50   47
   45   43   42   42   42   44   49   56   64   72   78   80   79   74   68   62
   58   55   54   52   50   49   49   49   50   50   51   54   57   62   68   74
   79   83   86   88   89   90   90   88   86   82   78   74   70   69   70   70
   70   69   67   66   65   63   60   58   56
    40.0-180.0 180.0   5.0 450.0                            LAT/LON1/LON2/DLON/H
   54   54   57   60   61   60   56   52   51   54   59   63   64   63   60   57
   55   54   55   56   59   63   68   75   82   88   92   93   91   85   77   69
   63   59   57   55   53   51   51   51   52   53   56   59   64   70   76   80
   84   87   90   92   94   95   95   93   89   84   77   71   68   67   69   71
   71   70   69   67   66   64   60   57   54
    37.5-180.0 180.0   5.0 450.0                            LAT/LON1/LON2/DLON/H
   53   52   53   56   58   57   54   52   53   57   64   69   72   72   69   67
   65   65   67   71   76   81   86   90   94   98  100  100   97   91   82   73
   66   61   58   56   53   51   51   51   53   56   59   64   70   76   82   85
   87   89   91   94   97   99   99   97   93   86   78   71   68   68   72   75
   76   75   72   69   67   65   62   57   53
    35.0-180.0 180.0   5.0 450.0                            LAT/LON1/LON2/DLON/H
   54   51   51   53   54   53   51   50   52   58   66   73   78   79   77   75
   74   75   78   83   89   95   98   99  100  100  101  100   97   92   83   75
   67   62   58   55   52   50   49   51   53   57   62   68   74   81   85   88
   88   89   91   95   98  101  103  101   97   90   82   76   73   75   80   85
   86   84   80   75   72   69   65   60   54
    32.5-180.0 180.0   5.0 450.0                            LAT/LON1/LON2/DLON/H
   59   54   51   51   51   50   48   49   52   58   66   74   80   82   83   82
   81   81   85   90   97  101  103  101   98   95   94   94   92   88   81   73
   66   61   57   53   50   48   48   49   53   58   63   70   77   83   86   87
   87   88   90   94   99  104  106  107  104   99   92   87   86   90   97  102
  103  100   93   87   82   77   72   66   59
    30.0-180.0 180.0   5.0 450.0                            LAT/LON1/LON2/DLON/H
   66   59   54   52   50   48   47   48   51   57   64   72   78   82   85   85
   84   84   86   92   97  101  100   95   89   85   83   83   83   81   77   70
   64   59   55   51   48   45   45   47   52   57   63   70   76   82   85   85
   85   86   89   95  101  107  112  115  115  112  109  106  106  112  119  125
  126  121  113  104   96   90   83   75   66
    27.5-180.0 180.0   5.0 450.0                            LAT/LON1/LON2/DLON/H
   78   68   61   55   51   49   48   49   52   56   61   67   73   78   82   84
   83   81   83   87   91   93   91   84   77   72   70   72   73   74   71   66
   61   57   53   49   45   42   42   45   50   56   62   68   74   79   82   83
   84   86   91   98  105  112  119  125  129  130  129  129  131  137  145  151
  152  147  137  126  116  107   98   88   78
    25.0-180.0 180.0   5.0 450.0                            LAT/LON1/LON2/DLON/H
   92   81   71   62   55   51   51   52   55   57   58   61   65   72   77   79
   78   75   75   77   81   81   78   72   65   61   60   62   64   66   65   62
   58   54   50   46   42   40   39   42   47   53   59   65   71   75   79   82
   85   90   96  104  112  120  129  138  146  150  152  153  156  162  169  176
  177  172  162  150  137  126  115  104   92
    22.5-180.0 180.0   5.0 450.0                            LAT/LON1/LON2/DLON/H
  108   95   82   71   62   56   55   57   59   59   57   55   57   63   69   72
   70   67   65   66   68   69   66   61   56   53   53   55   57   59   59   57
   53   50   46   43   39   36   36   39   45   51   57   62   68   73   77   83
   89   97  105  113  121  130  141  152  162  170  174  175  177  182  188  194
  196  193  184  172  159  146  133  120  108
    20.0-180.0 180.0   5.0 450.0                            LAT/LON1/LON2/DLON/H
  123  110   95   81   70   62   61   63   65   62   57   51   50   55   61   64
   62   58   55   55   57   59   57   55   52   51   51   52   53   54   54   52
   49   45   42   39   36   33   33   36   42   48   55   61   66   72   79   88
   98  108  118  126  133  142  153  165  177  185  190  191  191  194  198  204
  207  206  200  190  177  164  150  136  123
    17.5-180.0 180.0   5.0 450.0                            LAT/LON1/LON2/DLON/H
  137  123  108   92   78   69   67   69   71   67   59   50   46   48   53   55
   54   50   47   48   50   53   53   53   53   54   53   52   51   51   50   47
   44   41   38   35   32   30   30   33   39   47   54   60   67   74   84   96
  109  122  132  140  146  153  163  175  187  195  199  199  197  197  199  203
  208  210  208  201  190  177  163  149  137
    15.0-180.0 180.0   5.0 450.0                            LAT/LON1/LON2/DLON/H
  148  135  119  102   86   75   72   74   76   72   62   51   43   43   47   49
   48   45   43   45   49   52   54   56   58   59   57   54   51   48   47   44
   41   37   34   32   29   27   27   30   37   46   54   62   70   79   91  106
  122  137  147  153  157  162  171  182  192  199  201  199  195  193  193  196
  202  207  208  205  197  185  172  159  148
    12.5-180.0 180.0   5.0 450.0                            LAT/LON1/LON2/DLON/H
  155  143  128  110   92   80   75   77   79   76   66   54   44   41   44   46
   45   43   43   46   52   56   59   62   65   65   61   56   50   47   45   43
   39   34   31   29   26   24   24   28   36   46   56   65   74   85   99  116
  135  150  160  164  166  169  176  184  192  196  197  194  190  186  184  186
  192  199  203  203  198  188  177  165  155
    10.0-180.0 180.0   5.0 450.0                            LAT/LON1/LON2/DLON/H
  159  148  134  116   98   84   77   77   79   78   69   57   47   43   43   45
   45   44   46   51   57   62   66   68   70   68   63   56   50   47   46   43
   38   33   29   27   24   22   22   27   36   48   59   69   79   91  106  125
  144  160  168  171  172  173  178  183  188  191  191  189  185  181  179  180
  185  191  197  199  196  188  178  169  159
     7.5-180.0 180.0   5.0 450.0                            LAT/LON1/LON2/DLON/H
  161  151  138  121  102   86   77   76   77   77   71   61   51   46   45   47
   47   48   51   57   64   69   71   72   72   69   63   56   51   49   48   45
   40   34   29   26   23   21   22   27   38   50   62   73   83   96  112  131
  149  164  172  174  174  175  177  181  184  186  186  186  185  183  181  181
  184  189  194  196  194  187  179  170  161
     5.0-180.0 180.0   5.0 450.0                            LAT/LON1/LON2/DLON/H
  162  152  139  123  105   89   78   74   74   74   71   63   55   50   49   50
   51   52   56   62   68   72   73   72   70   66   60   54   52   52   52   49
   43   36   30   26   23   21   23   29   40   53   65   75   86   99  114  132
  150  163  171  173  173  174  177  179  181  183  186  190  193  194  194  194
  194  196  198  198  195  188  180  171  162
     2.5-180.0 180.0   5.0 450.0                            LAT/LON1/LON2/DLON/H
  163  152  139  125  108   92   79   72   70   71   69   64   58   54   52   53
   54   55   59   64   69   72   71   69   66   61   57   54   54   56   57   54
   46   38   32   28   24   22   24   32   43   55   66   76   86   99  114  130
  146  158  165  169  171  174  176  179  181  185  191  200  209  215  217  216
  214  212  210  206  200  192  183  173  163
