testData/bsrg0010.20i
     1.0            IONOSPHERE MAPS     GNSS                IONEX VERSION / TYPE
IRIS V2.0           IRIS                02-Jan-20 04:45     PGM / RUN BY / DATE 
BUAA'S GLOBAL IONOSPHERE MAPS FOR DAY 001, 2020             COMMENT             
Contact address: Cheng WANG, acheng@buaa.edu.cn             DESCRIPTION         
Web page:        http://ionosphere.cn                       DESCRIPTION         
STAR Labs at Beihang University                             COMMENT             
FLASH Pro from STAR Labs @BUAA                              COMMENT             
  2020     1     1     0     0     0                        EPOCH OF FIRST MAP  
  2020     1     2     0     0     0                        EPOCH OF LAST MAP  
  3600                                                      INTERVAL            
    25                                                      # OF MAPS IN FILE   
  MSLM                                                      MAPPING FUNCTION    
Two-way carrier phase leveled to code                       OBSERVABLES USED    
   257                                                      # OF STATIONS       
    31                                                      # OF SATELLITES     
  6371.0                                                    BASE RADIUS         
     2                                                      MAP DIMENSION       
   450.0 450.0   0.0                                        HGT1 / HGT2 / DHGT  
    87.5 -87.5  -2.5                                        LAT1 / LAT2 / DLAT  
  -180.0 180.0   5.0                                        LON1 / LON2 / DLON  
    -1                                                      EXPONENT            
TEC/RMS values in 0.1 TECU; 9999, if no value available     COMMENT             
List of stations:                                           COMMENT             
abmf abpo adis aira albh alg3 algo alic ankr areg areq artu COMMENT             
aruc ascg aspa badg baie bake bamf barh bcov bor1 brew brft COMMENT             
brst brux bshm bucu bzrg cas1 ccj2 cebr cedu chan chpg chpi COMMENT             
chu2 chum chur chwk ckis clrs cnmr cord cpvg cro1 cusv cztg COMMENT             
dakr darw dav1 dgar djig dra3 dra4 drao dubo dyng eliz eur2 COMMENT             
faa1 fair flin flrs frdn ftna func ganp geno glps glsv gmsd COMMENT             
gode godn gods godz gol2 gold gop7 gope grac gras guug harb COMMENT             
hers hert hlfx hnpt hob2 hofn holb hrao ieng iisc iqal irkm COMMENT             
ista jfng joz2 joze jplm karr kat1 kerg kir0 kiri kiru kokb COMMENT             
kokv koug kour krgg lama laut lhaz lmmf lovj lpal m0se mac1 COMMENT             
mad2 madr mag0 maju mal2 mana mar6 mars mas1 mat1 mate maw1 COMMENT             
mayg mbar mcm4 meli metg mets mgue mikl mobj mobk mobn mobs COMMENT             
morp mro1 nano naur nico nist nium nklg nlib nnor nrc1 nril COMMENT             
ntka nya1 nyal ohi3 ons1 onsa orid palm park pdel penc pert COMMENT             
pets pgc5 picl pie1 pimo pngm pohn pol2 polv prd2 prd3 prds COMMENT             
ptal ptbb ptgg ptrf ptvl quad quin redu reun reyk rgdg riga COMMENT             
roth samo sant sask sc04 sch2 scor sey2 seyg sfer sofi solo COMMENT             
spt0 sthl stj2 stjo stk2 str1 str2 suth suwn svtl sydn syog COMMENT             
tfno thtg thti thu2 tid1 tidb tixg tixi tlse tlsg tong tow2 COMMENT             
tro1 tsk2 tskb uclu unbj usn7 usud vacs vald vill vis0 whit COMMENT             
will wroc wtza wtzr wtzs xmis yakt yar3 yarr yebe yel2 yel3 COMMENT             
yell yssk zeck zim2 zimm                                    COMMENT             
                                                            END OF HEADER       
[from data line 8580]
    21                                                      START OF TEC MAP    
  2020     1     1    20     0     0                        EPOCH OF CURRENT MAP
    87.5-180.0 180.0   5.0 450.0                            LAT/LON1/LON2/DLON/H
   17   17   17   17   17   17   17   17   17   17   17   17   17   17   17   17
   17   17   17   17   16   16   16   16   16   16   16   16   16   15   15   15
   15   15   15   15   14   14   14   14   14   14   14   14   14   14   14   15
   15   15   15   15   15   15   16   16   16   16   16   16   17   17   17   17
   17   17   17   17   17   17   17   17   17
    85.0-180.0 180.0   5.0 450.0                            LAT/LON1/LON2/DLON/H
   20   20   20   20   20   20   20   20   20   20   20   19   19   19   19   19
   19   19   19   19   19   19   19   19   19   18   18   18   18   17   17   17
   16   16   16   15   15   14   14   14   14   14   14   14   14   14   14   15
   15   15   16   16   17   17   18   18   18   19   19   19   19   20   20   20
   20   20   20   20   20   20   20   20   20
    82.5-180.0 180.0   5.0 450.0                            LAT/LON1/LON2/DLON/H
   22   22   22   22   22   22   22   22   22   23   23   23   23   23   23   23
   23   23   23   23   23   23   23   23   22   22   22   21   21   21   20   20
   19   18   17   17   16   15   15   14   14   14   14   14   14   14   15   15
   16   17   18   18   19   20   21   21   22   22   22   23   23   23   23   23
   23   23   22   22   22   22   22   22   22
    80.0-180.0 180.0   5.0 450.0                            LAT/LON1/LON2/DLON/H
   23   23   24   24   24   25   25   25   26   26   26   27   27   27   27   27
   27   27   27   27   27   27   27   27   26   26   26   25   25   24   23   23
   22   21   20   19   18   16   16   15   14   14   14   14   14   15   15   16
   18   19   20   21   22   23   24   25   25   26   26   26   26   26   26   25
   25   25   24   24   24   23   23   23   23
    77.5-180.0 180.0   5.0 450.0                            LAT/LON1/LON2/DLON/H
   24   24   25   25   26   27   28   28   29   30   31   31   32   32   32   32
   33   32   32   32   32   31   31   30   30   29   29   28   27   26   26   25
   24   22   21   20   18   17   16   15   14   13   13   13   14   15   16   18
   19   21   23   24   26   27   28   28   29   29   29   29   28   28   27   27
   26   25   25   24   24   23   23   23   24
    75.0-180.0 180.0   5.0 450.0                            LAT/LON1/LON2/DLON/H
   23   24   25   26   27   29   30   32   33   34   35   36   37   38   38   38
   38   38   38   37   36   35   34   33   32   31   30   29   28   27   26   25
   24   22   21   19   18   16   15   14   13   13   13   13   14   15   17   19
   21   23   25   27   28   29   30   31   31   31   31   30   30   29   28   27
   26   25   24   23   23   23   22   23   23
    72.5-180.0 180.0   5.0 450.0                            LAT/LON1/LON2/DLON/H
   23   24   25   27   29   31   33   35   37   39   40   41   43   43   44   44
   44   44   43   42   41   39   37   35   33   31   30   28   27   26   24   23
   22   21   19   18   16   15   13   12   12   11   12   12   13   15   17   19
   22   24   26   28   30   31   31   32   32   32   31   31   30   30   29   28
   27   25   24   23   23   22   22   22   23
    70.0-180.0 180.0   5.0 450.0                            LAT/LON1/LON2/DLON/H
   24   25   27   29   31   34   36   39   41   43   45   47   48   50   51   51
   51   50   49   47   45   42   40   37   34   31   29   27   25   23   21   20
   18   17   16   14   13   12   11   10   10   10   11   12   13   15   17   19
   22   24   27   29   30   31   32   32   32   32   32   32   32   31   31   30
   29   27   26   25   24   23   23   23   24
    67.5-180.0 180.0   5.0 450.0                            LAT/LON1/LON2/DLON/H
   26   27   29   31   34   37   40   43   45   48   50   52   54   56   57   58
   58   57   55   53   50   46   42   38   34   31   28   25   22   20   18   16
   14   13   12   11   10    9    9    9    9   10   11   12   13   15   17   19
   21   24   26   28   30   31   31   32   32   32   33   34   34   35   35   34
   33   32   31   29   28   26   26   25   26
    65.0-180.0 180.0   5.0 450.0                            LAT/LON1/LON2/DLON/H
   30   31   33   35   38   41   44   47   50   52   55   57   59   61   63   64
   64   63   61   58   54   50   45   40   35   31   27   24   21   18   15   13
   11   10    8    8    7    7    8    9   10   11   12   13   14   15   17   18
   21   23   25   27   29   30   31   32   32   34   35   37   39   40   41   41
   40   39   38   36   34   32   31   30   30
    62.5-180.0 180.0   5.0 450.0                            LAT/LON1/LON2/DLON/H
   36   36   38   40   43   47   50   53   55   57   59   61   63   65   67   69
   70   69   67   63   58   53   47   42   37   32   28   25   21   18   15   12
    9    8    7    6    7    7    9   10   12   14   15   16   17   17   18   19
   20   22   24   27   28   30   31   32   34   36   39   42   44   47   48   49
   49   49   47   45   43   40   38   36   36
    60.0-180.0 180.0   5.0 450.0                            LAT/LON1/LON2/DLON/H
   42   42   44   46   50   53   56   58   60   61   62   64   66   68   71   73
   74   73   71   67   61   56   50   44   39   35   31   27   23   20   16   13
   10    8    7    7    8   10   12   14   16   18   20   21   21   20   20   20
   21   23   25   28   30   32   33   35   37   40   43   47   51   54   56   58
   58   58   56   54   51   48   45   43   42
    57.5-180.0 180.0   5.0 450.0                            LAT/LON1/LON2/DLON/H
   48   48   50   53   57   60   63   65   65   65   65   66   68   70   73   76
   77   76   73   69   64   58   52   47   42   38   35   32   28   24   20   16
   13   11   11   11   12   14   16   19   22   24   26   27   26   25   24   23
   23   25   28   30   33   35   36   38   41   44   48   52   56   59   62   64
   65   65   64   62   59   55   52   49   48
    55.0-180.0 180.0   5.0 450.0                            LAT/LON1/LON2/DLON/H
   52   53   55   59   64   68   70   72   71   70   69   68   70   72   75   77
   78   77   74   70   65   59   54   49   46   43   40   37   34   30   25   21
   18   16   16   17   18   20   23   25   28   30   32   33   32   31   29   28
   28   30   33   36   38   40   41   43   45   48   52   56   59   62   64   66
   67   68   67   65   62   59   56   53   52
    52.5-180.0 180.0   5.0 450.0                            LAT/LON1/LON2/DLON/H
   54   56   60   65   70   75   78   79   78   75   73   72   72   74   76   78
   78   77   74   70   65   61   56   53   50   48   46   44   40   36   31   27
   24   23   23   24   26   28   29   31   34   36   38   39   39   37   36   34
   34   36   39   42   45   46   46   47   48   51   54   57   59   61   62   63
   65   65   65   64   62   59   56   55   54
    50.0-180.0 180.0   5.0 450.0                            LAT/LON1/LON2/DLON/H
   54   57   62   69   76   82   86   87   85   82   79   77   77   78   79   79
   79   76   73   70   66   63   60   58   56   55   53   51   47   43   38   33
   31   30   31   33   34   35   36   37   38   40   43   44   45   44   42   41
   42   44   47   50   51   51   51   50   51   53   55   57   57   57   57   57
   58   59   59   59   57   55   54   53   54
    47.5-180.0 180.0   5.0 450.0                            LAT/LON1/LON2/DLON/H
   53   57   64   72   80   87   92   94   93   90   87   85   84   84   84   82
   80   77   74   71   69   68   66   65   63   62   60   58   54   49   44   40
   38   38   39   41   43   43   42   41   42   43   45   48   49   49   49   48
   49   51   54   56   57   56   54   52   52   53   55   55   54   51   49   49
   49   50   50   50   49   49   49   50   53
    45.0-180.0 180.0   5.0 450.0                            LAT/LON1/LON2/DLON/H
   51   57   64   73   83   91   97  100  101   99   97   96   94   93   91   88
   83   79   76   75   75   75   75   74   72   70   68   65   61   56   50   46
   45   45   48   50   51   50   47   45   44   45   47   50   52   54   54   54
   55   57   59   61   61   59   56   53   52   53   54   53   51   46   43   40
   40   40   40   40   40   41   44   47   51
    42.5-180.0 180.0   5.0 450.0                            LAT/LON1/LON2/DLON/H
   50   57   64   73   83   93  101  106  108  108  108  108  107  105  101   96
   89   84   81   81   83   86   86   85   83   79   76   73   68   63   57   53
   52   53   56   58   58   56   52   48   46   46   48   51   54   56   57   58
   58   60   62   63   63   60   56   53   52   53   54   53   49   43   38   34
   33   32   31   31   32   35   39   45   50
    40.0-180.0 180.0   5.0 450.0                            LAT/LON1/LON2/DLON/H
   51   57   64   73   82   93  102  109  113  117  119  120  120  117  112  105
   98   92   90   91   95   99  100   98   94   89   84   80   75   69   64   60
   59   61   64   65   64   61   56   51   49   48   50   52   55   58   59   59
   59   60   61   62   62   59   55   52   52   54   56   55   50   44   37   33
   29   27   25   25   26   31   37   44   51
    37.5-180.0 180.0   5.0 450.0                            LAT/LON1/LON2/DLON/H
   54   59   65   71   80   90  100  109  116  122  127  130  131  129  123  116
  108  102  101  103  108  113  114  111  104   97   91   86   81   76   71   68
   68   69   71   71   69   65   60   55   52   51   52   54   57   58   59   59
   58   58   58   59   59   56   53   51   52   56   59   58   53   47   40   35
   31   27   23   22   24   30   39   47   54
    35.0-180.0 180.0   5.0 450.0                            LAT/LON1/LON2/DLON/H
   58   62   65   70   78   87   97  108  117  124  131  136  138  137  132  125
  118  113  112  116  122  126  126  122  113  104   97   91   86   82   78   76
   76   77   77   76   73   69   63   59   56   56   56   57   58   59   59   57
   55   54   54   54   55   53   51   51   53   58   62   62   58   51   45   40
   35   30   25   23   25   33   43   52   58
    32.5-180.0 180.0   5.0 450.0                            LAT/LON1/LON2/DLON/H
   64   66   67   70   75   83   94  104  114  123  130  136  139  139  136  132
  127  123  124  127  133  137  136  130  120  110  101   95   91   87   84   83
   83   83   82   80   76   71   66   63   61   61   61   61   60   59   58   56
   53   50   49   50   51   51   50   50   54   59   63   64   60   55   50   46
   41   34   28   26   29   38   49   58   64
    30.0-180.0 180.0   5.0 450.0                            LAT/LON1/LON2/DLON/H
   69   70   70   70   74   81   90  100  109  118  125  131  135  136  136  134
  132  131  132  136  141  144  143  136  125  114  105   99   95   91   89   89
   89   88   86   82   77   72   68   66   65   66   65   64   61   59   58   55
   51   47   45   46   47   48   48   50   53   58   63   63   60   56   53   50
   45   39   32   30   33   43   55   64   69
    27.5-180.0 180.0   5.0 450.0                            LAT/LON1/LON2/DLON/H
   74   75   74   73   75   80   87   96  104  111  117  121  125  128  130  132
  134  136  138  141  144  147  146  139  129  119  110  103   99   96   94   93
   93   91   87   82   76   72   69   68   68   69   68   65   62   59   57   55
   50   46   43   43   44   46   47   48   51   55   58   59   56   54   52   51
   47   41   35   33   38   48   60   70   74
    25.0-180.0 180.0   5.0 450.0                            LAT/LON1/LON2/DLON/H
   79   79   78   77   78   82   87   93   99  104  107  110  114  118  123  128
  133  137  140  142  145  147  147  143  135  125  117  110  104  101   98   97
   96   92   87   80   75   71   69   68   69   69   68   65   60   57   56   54
   50   45   41   41   42   44   44   44   46   48   51   50   48   47   47   47
   45   41   36   35   41   52   64   74   79
    22.5-180.0 180.0   5.0 450.0                            LAT/LON1/LON2/DLON/H
   82   84   84   84   84   86   89   94   97   99  100  102  104  109  116  123
  131  136  139  141  143  147  149  148  143  135  127  120  113  107  103  100
   97   92   84   77   72   69   68   67   67   67   65   61   56   54   53   53
   50   45   40   39   40   40   40   38   38   40   40   39   38   38   39   41
   40   37   34   36   43   54   67   76   82
    20.0-180.0 180.0   5.0 450.0                            LAT/LON1/LON2/DLON/H
   85   89   91   92   92   92   94   97   98   99   98   98  101  106  113  121
  129  134  137  139  142  148  154  157  155  150  142  134  125  116  110  104
   98   91   82   74   70   68   67   65   64   62   59   54   50   48   49   50
   48   44   39   37   37   36   34   32   30   30   29   28   27   27   30   32
   33   31   31   35   44   56   68   78   85
    17.5-180.0 180.0   5.0 450.0                            LAT/LON1/LON2/DLON/H
   88   95   99  101  101  101  101  103  104  103  103  103  106  111  117  124
  131  135  137  139  144  153  163  170  172  168  161  151  140  128  118  109
  100   90   80   72   69   68   67   64   60   56   52   46   42   40   42   45
   45   41   37   34   33   31   29   25   23   22   20   19   18   19   22   24
   25   25   28   34   44   57   69   79   88
    15.0-180.0 180.0   5.0 450.0                            LAT/LON1/LON2/DLON/H
   91  101  108  111  111  109  109  111  112  113  113  115  119  124  129  134
  138  140  141  144  151  162  176  187  192  189  182  170  156  142  128  116
  104   91   79   72   70   70   68   63   57   51   45   39   34   32   35   39
   40   37   33   31   29   27   24   20   17   16   15   14   13   14   16   18
   19   20   25   34   46   58   70   81   91
    12.5-180.0 180.0   5.0 450.0                            LAT/LON1/LON2/DLON/H
   96  107  116  120  120  118  118  120  123  126  129  134  140  145  149  150
  150  150  150  153  162  177  193  206  212  209  201  188  172  155  139  124
  109   94   81   73   72   73   71   65   57   49   41   34   28   26   29   33
   35   33   30   28   26   24   21   18   16   15   14   14   14   14   15   15
   15   18   24   35   48   61   73   84   96
    10.0-180.0 180.0   5.0 450.0                            LAT/LON1/LON2/DLON/H
  101  114  124  129  129  127  127  130  135  141  147  155  164  171  173  171
  167  164  164  168  178  194  211  224  229  226  216  203  186  167  149  132
  115   98   84   77   76   77   75   68   59   50   42   34   27   24   26   29
   31   30   28   27   26   24   21   19   18   18   18   18   19   19   18   16
   15   18   26   38   51   64   76   88  101
     7.5-180.0 180.0   5.0 450.0                            LAT/LON1/LON2/DLON/H
  106  120  132  137  137  135  136  140  147  155  164  175  187  196  198  193
  187  181  180  185  195  211  227  238  241  235  225  211  194  176  157  139
  120  103   89   82   81   82   80   73   64   55   46   38   31   27   28   30
   31   31   30   29   28   27   25   24   24   25   25   26   27   26   23   20
   18   21   29   42   55   67   80   92  106
     5.0-180.0 180.0   5.0 450.0                            LAT/LON1/LON2/DLON/H
  111  126  138  144  144  143  144  149  158  167  178  191  205  215  218  213
  205  199  198  202  212  225  238  246  245  238  227  213  198  180  161  143
  125  109   95   87   86   86   84   78   70   62   55   48   41   37   36   37
   37   36   35   34   33   32   32   32   33   34   35   35   35   34   30   25
   22   25   34   46   58   71   83   96  111
     2.5-180.0 180.0   5.0 450.0                            LAT/LON1/LON2/DLON/H
  114  129  142  149  151  151  152  158  166  176  186  200  215  227  231  227
  220  214  213  217  225  235  243  247  243  234  223  211  197  180  162  145
  128  113  101   93   90   89   87   82   77   71   66   60   55   52   50   49
   48   46   44   43   41   40   40   41   43   44   44   44   43   41   36   31
   28   31   39   50   61   73   85   99  114
