testData/bsrg0010.20i
     1.0            IONOSPHERE MAPS     GNSS                IONEX VERSION / TYPE
IRIS V2.0           IRIS                02-Jan-20 04:45     PGM / RUN BY / DATE 
BUAA'S GLOBAL IONOSPHERE MAPS FOR DAY 001, 2020             COMMENT             
Contact address: Cheng WANG, acheng@buaa.edu.cn             DESCRIPTION         
Web page:        http://ionosphere.cn                       DESCRIPTION         
STAR Labs at Beihang University                             COMMENT             
FLASH Pro from STAR Labs @BUAA                              COMMENT             
  2020     1     1     0     0     0                        EPOCH OF FIRST MAP  
  2020     1     2     0     0     0                        EPOCH OF LAST MAP  
  3600                                                      INTERVAL            
    25                                                      # OF MAPS IN FILE   
  MSLM                                                      MAPPING FUNCTION    
Two-way carrier phase leveled to code                       OBSERVABLES USED    
   257                                                      # OF STATIONS       
    31                                                      # OF SATELLITES     
  6371.0                                                    BASE RADIUS         
     2                                                      MAP DIMENSION       
   450.0 450.0   0.0                                        HGT1 / HGT2 / DHGT  
    87.5 -87.5  -2.5                                        LAT1 / LAT2 / DLAT  
  -180.0 180.0   5.0                                        LON1 / LON2 / DLON  
    -1                                                      EXPONENT            
TEC/RMS values in 0.1 TECU; 9999, if no value available     COMMENT             
List of stations:                                           COMMENT             
abmf abpo adis aira albh alg3 algo alic ankr areg areq artu COMMENT             
aruc ascg aspa badg baie bake bamf barh bcov bor1 brew brft COMMENT             
brst brux bshm bucu bzrg cas1 ccj2 cebr cedu chan chpg chpi COMMENT             
chu2 chum chur chwk ckis clrs cnmr cord cpvg cro1 cusv cztg COMMENT             
dakr darw dav1 dgar djig dra3 dra4 drao dubo dyng eliz eur2 COMMENT             
faa1 fair flin flrs frdn ftna func ganp geno glps glsv gmsd COMMENT             
gode godn gods godz gol2 gold gop7 gope grac gras guug harb COMMENT             
hers hert hlfx hnpt hob2 hofn holb hrao ieng iisc iqal irkm COMMENT             
ista jfng joz2 joze jplm karr kat1 kerg kir0 kiri kiru kokb COMMENT             
kokv koug kour krgg lama laut lhaz lmmf lovj lpal m0se mac1 COMMENT             
mad2 madr mag0 maju mal2 mana mar6 mars mas1 mat1 mate maw1 COMMENT             
mayg mbar mcm4 meli metg mets mgue mikl mobj mobk mobn mobs COMMENT             
morp mro1 nano naur nico nist nium nklg nlib nnor nrc1 nril COMMENT             
ntka nya1 nyal ohi3 ons1 onsa orid palm park pdel penc pert COMMENT             
pets pgc5 picl pie1 pimo pngm pohn pol2 polv prd2 prd3 prds COMMENT             
ptal ptbb ptgg ptrf ptvl quad quin redu reun reyk rgdg riga COMMENT             
roth samo sant sask sc04 sch2 scor sey2 seyg sfer sofi solo COMMENT             
spt0 sthl stj2 stjo stk2 str1 str2 suth suwn svtl sydn syog COMMENT             
tfno thtg thti thu2 tid1 tidb tixg tixi tlse tlsg tong tow2 COMMENT             
tro1 tsk2 tskb uclu unbj usn7 usud vacs vald vill vis0 whit COMMENT             
will wroc wtza wtzr wtzs xmis yakt yar3 yarr yebe yel2 yel3 COMMENT             
yell yssk zeck zim2 zimm                                    COMMENT             
                                                            END OF HEADER       
[from data line 3432]
     9                                                      START OF TEC MAP    
  2020     1     1     8     0     0                        EPOCH OF CURRENT MAP
    87.5-180.0 180.0   5.0 450.0                            LAT/LON1/LON2/DLON/H
   26   26   26   27   27   27   27   27   27   27   27   27   27   27   27   27
   27   27   27   27   27   26   26   26   26   26   26   26   26   25   25   25
   25   25   24   24   24   24   23   23   23   23   23   22   22   22   22   22
   21   21   21   21   21   21   21   21   21   21   21   22   22   22   22   23
   23   23   24   24   24   25   25   25   26
    85.0-180.0 180.0   5.0 450.0                            LAT/LON1/LON2/DLON/H
   28   28   29   29   30   30   30   30   30   30   30   29   29   28   28   28
   27   27   27   26   26   26   26   26   25   25   25   25   25   25   25   24
   24   24   24   23   23   22   22   21   21   21   20   20   19   19   19   18
   18   18   17   17   17   17   17   17   17   17   17   18   18   19   19   20
   21   22   22   23   24   25   26   27   28
    82.5-180.0 180.0   5.0 450.0                            LAT/LON1/LON2/DLON/H
   31   32   33   34   34   34   34   33   33   32   31   30   30   29   28   27
   26   25   25   24   24   24   24   23   23   23   24   24   24   23   23   23
   23   22   22   21   21   20   20   19   18   18   18   17   17   16   16   16
   15   15   15   15   14   14   14   14   14   14   14   14   15   16   16   18
   19   20   22   24   25   27   28   30   31
    80.0-180.0 180.0   5.0 450.0                            LAT/LON1/LON2/DLON/H
   35   37   38   38   39   38   38   37   36   35   33   31   30   28   27   25
   24   23   22   21   21   21   21   21   21   21   21   21   21   21   21   21
   21   20   19   19   18   17   16   16   15   15   15   15   15   15   15   15
   15   15   15   14   14   14   13   13   13   13   13   13   13   14   15   17
   18   20   22   25   27   29   32   34   35
    77.5-180.0 180.0   5.0 450.0                            LAT/LON1/LON2/DLON/H
   40   42   43   43   43   43   42   40   38   36   34   32   30   28   26   24
   22   21   20   20   19   19   19   19   19   19   19   20   20   20   19   19
   18   17   16   15   15   14   13   13   12   12   13   13   14   15   15   16
   17   17   17   17   17   17   16   16   15   15   14   14   14   15   16   18
   19   22   24   27   30   33   36   38   40
    75.0-180.0 180.0   5.0 450.0                            LAT/LON1/LON2/DLON/H
   44   45   46   46   46   45   44   42   40   37   35   32   30   27   25   24
   22   21   20   19   19   18   18   18   18   18   18   19   19   18   18   17
   16   15   14   13   12   11   10   10   10   11   12   13   15   17   18   20
   21   22   22   22   22   22   22   21   20   20   19   18   18   18   19   20
   22   25   27   30   34   37   40   42   44
    72.5-180.0 180.0   5.0 450.0                            LAT/LON1/LON2/DLON/H
   46   47   47   47   46   45   44   42   39   37   35   32   30   28   26   25
   24   23   22   21   21   20   20   19   19   19   19   19   18   18   17   17
   15   14   13   11   10    9    9    9   10   11   13   15   18   20   23   25
   27   28   29   29   29   29   29   28   27   26   25   24   24   23   23   24
   26   28   31   34   37   40   43   45   46
    70.0-180.0 180.0   5.0 450.0                            LAT/LON1/LON2/DLON/H
   46   46   45   44   43   42   41   39   37   35   33   31   29   28   27   26
   26   26   26   25   24   23   22   21   21   20   20   19   19   18   18   17
   15   14   12   11   10    9    9   10   12   14   16   19   22   26   29   31
   33   35   36   36   37   36   36   36   35   34   33   32   30   29   28   28
   29   31   34   36   39   42   44   45   46
    67.5-180.0 180.0   5.0 450.0                            LAT/LON1/LON2/DLON/H
   43   42   41   39   38   37   36   34   33   32   30   29   28   27   28   28
   29   29   29   29   28   27   25   24   22   21   21   20   20   19   19   18
   17   15   13   12   11   11   12   14   16   18   21   25   28   31   34   37
   39   41   42   42   42   43   43   43   42   42   40   38   36   34   33   32
   32   33   35   38   40   42   43   44   43
    65.0-180.0 180.0   5.0 450.0                            LAT/LON1/LON2/DLON/H
   39   37   35   33   31   30   30   29   28   27   26   26   26   26   28   29
   30   31   32   31   30   28   27   25   23   22   21   21   21   20   20   19
   18   17   16   15   15   15   17   19   21   24   27   30   33   36   39   42
   44   46   46   47   47   47   47   48   48   48   46   44   41   38   36   34
   34   34   36   38   40   42   42   41   39
    62.5-180.0 180.0   5.0 450.0                            LAT/LON1/LON2/DLON/H
   36   32   29   27   25   25   24   24   24   23   23   23   23   25   26   29
   30   31   32   31   30   28   26   24   23   22   21   21   21   21   21   21
   20   19   18   18   19   20   22   25   28   31   33   36   38   41   43   46
   48   49   50   50   50   50   51   51   52   52   51   49   45   41   38   35
   34   34   36   37   39   40   40   38   36
    60.0-180.0 180.0   5.0 450.0                            LAT/LON1/LON2/DLON/H
   34   30   27   24   22   22   21   22   21   21   20   20   21   23   25   27
   29   29   29   28   26   25   23   22   21   20   20   20   20   21   21   22
   22   21   21   22   23   25   28   32   35   37   39   40   42   44   46   48
   51   52   53   53   53   53   53   55   56   56   55   52   48   43   39   36
   34   34   35   37   38   39   39   37   34
    57.5-180.0 180.0   5.0 450.0                            LAT/LON1/LON2/DLON/H
   34   31   28   25   23   23   22   22   22   21   20   19   20   22   24   25
   26   26   24   23   21   20   19   18   18   18   18   19   20   21   22   22
   23   23   24   25   27   31   35   39   42   44   44   45   45   46   48   51
   53   56   57   57   57   57   57   58   59   59   57   54   50   45   40   36
   34   34   35   36   38   39   39   37   34
    55.0-180.0 180.0   5.0 450.0                            LAT/LON1/LON2/DLON/H
   38   35   33   31   29   28   27   26   25   23   22   21   21   22   24   24
   24   22   20   17   16   15   15   16   17   17   18   19   19   21   22   23
   24   25   27   29   31   35   40   45   48   50   50   49   48   49   51   54
   57   60   62   63   62   62   62   62   62   61   59   56   51   46   42   38
   36   35   36   37   39   40   40   39   38
    52.5-180.0 180.0   5.0 450.0                            LAT/LON1/LON2/DLON/H
   43   42   41   40   39   37   35   33   31   28   26   25   25   26   26   25
   23   20   16   14   13   13   14   16   17   18   19   20   21   22   23   24
   26   28   30   32   36   40   46   51   54   56   56   54   53   53   55   58
   62   66   69   70   70   69   68   67   65   64   61   57   53   48   44   41
   39   39   39   40   41   42   43   43   43
    50.0-180.0 180.0   5.0 450.0                            LAT/LON1/LON2/DLON/H
   49   50   51   51   50   48   45   42   38   35   33   32   32   32   32   29
   26   21   17   15   14   16   18   20   22   22   23   23   24   25   26   27
   29   31   34   37   40   45   51   56   61   63   63   62   60   60   61   64
   68   73   76   77   77   76   74   71   69   65   62   58   54   51   48   45
   44   43   43   43   44   45   46   48   49
    47.5-180.0 180.0   5.0 450.0                            LAT/LON1/LON2/DLON/H
   53   57   60   61   61   59   55   50   46   43   41   41   41   41   40   36
   31   26   22   21   22   25   27   29   30   30   30   30   30   30   30   32
   33   36   39   42   46   50   56   62   67   70   71   71   70   69   70   72
   75   79   82   84   84   82   79   75   71   66   62   58   55   53   52   50
   49   48   47   47   46   47   48   50   53
    45.0-180.0 180.0   5.0 450.0                            LAT/LON1/LON2/DLON/H
   55   60   65   69   69   67   62   57   52   50   49   50   51   52   50   46
   41   35   32   32   35   39   41   42   41   40   39   39   39   38   38   38
   39   42   45   48   52   56   61   67   73   77   80   81   81   80   80   80
   81   83   86   88   88   86   82   77   71   65   61   58   56   55   56   55
   55   53   51   49   48   48   48   51   55
    42.5-180.0 180.0   5.0 450.0                            LAT/LON1/LON2/DLON/H
   53   60   67   72   74   72   67   61   56   55   56   59   62   63   62   58
   52   48   46   48   53   57   58   57   54   51   50   50   50   48   47   46
   47   49   52   55   59   62   66   72   78   84   89   92   94   93   90   87
   86   86   87   89   89   88   83   77   70   64   60   57   57   58   59   59
   58   56   54   51   49   47   47   49   53
    40.0-180.0 180.0   5.0 450.0                            LAT/LON1/LON2/DLON/H
   49   55   64   71   74   72   67   62   58   58   61   66   71   73   73   69
   64   61   62   66   72   75   75   71   66   62   61   61   61   59   57   55
   55   56   59   62   65   68   71   75   81   89   96  102  105  104  100   95
   90   87   87   88   89   88   83   77   70   64   60   58   59   61   63   63
   61   58   55   52   49   47   45   45   49
    37.5-180.0 180.0   5.0 450.0                            LAT/LON1/LON2/DLON/H
   43   49   58   66   70   70   65   60   57   59   64   71   78   82   82   79
   76   74   77   82   89   92   90   83   76   71   70   71   71   70   66   63
   62   63   65   69   71   73   75   78   83   91  101  110  115  115  110  102
   94   89   87   88   89   88   84   78   71   66   62   62   64   66   68   66
   63   59   55   52   49   46   43   42   43
    35.0-180.0 180.0   5.0 450.0                            LAT/LON1/LON2/DLON/H
   40   44   51   59   65   65   61   56   55   57   64   73   81   87   88   87
   85   85   88   95  101  103   99   90   81   76   76   78   79   78   74   70
   68   68   70   73   76   78   79   80   84   92  103  114  121  122  118  109
  100   93   90   90   92   91   88   83   77   72   70   70   72   74   74   71
   66   60   55   53   51   48   44   40   40
    32.5-180.0 180.0   5.0 450.0                            LAT/LON1/LON2/DLON/H
   40   41   46   53   59   59   56   53   52   55   63   72   81   88   91   91
   90   91   95  101  106  107  102   92   82   77   77   80   83   82   79   75
   71   70   72   75   79   81   82   82   85   92  103  116  125  128  125  118
  109  102   98   98   99   99   97   93   88   85   83   83   85   86   84   78
   71   63   58   55   54   52   48   43   40
    30.0-180.0 180.0   5.0 450.0                            LAT/LON1/LON2/DLON/H
   45   43   45   50   54   55   52   49   49   52   60   69   78   85   90   91
   91   92   95  100  104  104   98   87   78   73   74   78   82   82   79   76
   73   71   72   76   80   84   84   84   85   92  103  116  127  133  133  128
  122  116  113  112  113  113  112  109  106  103  101  101  101  100   96   89
   79   69   63   61   61   60   57   51   45
    27.5-180.0 180.0   5.0 450.0                            LAT/LON1/LON2/DLON/H
   55   49   48   50   52   52   50   47   47   50   56   64   72   80   84   87
   88   89   91   93   96   94   88   79   71   67   68   72   76   77   76   74
   72   70   70   74   80   86   88   87   88   93  103  117  129  138  142  141
  138  135  133  132  132  132  131  129  127  125  123  122  121  118  112  102
   90   79   72   69   70   70   68   62   55
    25.0-180.0 180.0   5.0 450.0                            LAT/LON1/LON2/DLON/H
   67   60   54   52   52   51   49   47   47   48   52   58   65   71   76   80
   81   82   82   82   83   81   77   70   63   60   60   63   66   69   70   70
   69   67   67   72   80   88   92   92   93   98  107  120  132  143  151  156
  157  157  155  153  152  152  152  151  150  148  146  143  140  135  128  117
  105   93   84   80   80   81   80   75   67
    22.5-180.0 180.0   5.0 450.0                            LAT/LON1/LON2/DLON/H
   80   71   63   57   53   51   50   49   48   48   49   52   56   62   67   71
   72   72   71   70   69   68   65   60   56   53   52   53   55   58   62   65
   66   65   65   70   80   90   97   99  102  106  115  126  138  150  161  170
  175  177  176  174  172  171  171  171  171  169  166  162  157  151  143  132
  120  107   97   91   89   90   90   87   80
    20.0-180.0 180.0   5.0 450.0                            LAT/LON1/LON2/DLON/H
   90   80   70   62   56   53   52   51   51   49   48   47   49   52   57   61
   63   63   60   58   57   57   56   54   51   47   45   43   44   48   54   61
   64   64   64   69   80   93  103  108  112  118  127  136  146  157  170  181
  190  193  192  189  186  185  185  186  187  185  181  176  170  164  155  145
  134  121  110  101   96   96   96   95   90
    17.5-180.0 180.0   5.0 450.0                            LAT/LON1/LON2/DLON/H
   94   86   75   65   58   54   54   55   54   52   48   45   44   45   49   52
   54   54   52   50   49   49   51   50   48   44   40   36   35   39   47   57
   63   64   65   70   82   97  109  117  124  132  141  149  156  165  177  189
  198  202  201  198  194  193  194  195  196  194  189  184  178  171  163  154
  144  133  120  108  100   97   97   97   94
    15.0-180.0 180.0   5.0 450.0                            LAT/LON1/LON2/DLON/H
   92   86   76   66   58   55   55   58   58   55   50   45   41   41   43   46
   48   49   47   46   45   47   49   50   48   43   37   31   29   33   43   54
   62   65   67   73   85  100  114  126  136  146  155  161  166  172  181  192
  200  204  202  199  196  195  196  198  198  196  192  187  181  175  168  160
  151  140  127  113  100   93   92   93   92
    12.5-180.0 180.0   5.0 450.0                            LAT/LON1/LON2/DLON/H
   84   80   72   64   57   54   56   60   61   59   53   46   42   41   41   43
   45   46   46   46   46   49   51   52   49   43   36   29   26   29   40   53
   63   67   70   76   88  104  118  132  145  158  168  173  174  177  183  191
  197  199  198  196  194  195  196  197  197  195  191  187  183  177  170  162
  154  144  131  114   98   87   84   84   84
    10.0-180.0 180.0   5.0 450.0                            LAT/LON1/LON2/DLON/H
   73   71   66   60   55   53   55   60   63   62   56   50   45   43   43   43
   45   47   48   49   50   52   54   54   50   44   36   29   26   29   39   52
   63   69   73   79   91  106  121  135  150  165  176  180  180  180  183  188
  191  192  192  192  193  195  196  197  196  193  190  188  186  181  173  164
  155  146  133  115   96   81   74   73   73
     7.5-180.0 180.0   5.0 450.0                            LAT/LON1/LON2/DLON/H
   62   61   58   55   51   51   53   59   63   63   59   53   49   47   46   46
   47   49   51   53   55   56   57   55   50   43   36   30   27   30   39   52
   63   70   75   82   93  107  121  135  152  167  179  183  182  180  181  184
  186  187  188  191  195  199  201  200  197  194  192  192  192  188  179  168
  158  148  134  116   95   78   68   63   62
     5.0-180.0 180.0   5.0 450.0                            LAT/LON1/LON2/DLON/H
   54   53   51   50   48   48   50   56   61   62   59   55   52   51   50   49
   50   51   54   56   57   58   58   54   48   41   35   31   29   32   40   51
   62   70   76   84   94  106  119  133  149  165  176  180  180  179  180  182
  184  185  189  196  204  209  212  210  205  200  199  202  204  201  191  177
  164  152  138  119   98   79   66   58   54
     2.5-180.0 180.0   5.0 450.0                            LAT/LON1/LON2/DLON/H
   52   49   48   48   47   46   47   52   57   59   58   55   53   53   53   52
   52   53   54   56   57   58   56   52   45   38   33   31   31   33   40   50
   60   69   76   85   94  105  116  129  143  158  169  174  176  178  181  183
  186  190  197  207  218  226  228  225  219  213  212  216  221  220  209  192
  175  160  144  126  105   86   70   59   52
