testData/bsrg0010.20i
     1.0            IONOSPHERE MAPS     GNSS                IONEX VERSION / TYPE
IRIS V2.0           IRIS                02-Jan-20 04:45     PGM / RUN BY / DATE 
BUAA'S GLOBAL IONOSPHERE MAPS FOR DAY 001, 2020             COMMENT             
Contact address: Cheng WANG, acheng@buaa.edu.cn             DESCRIPTION         
Web page:        http://ionosphere.cn                       DESCRIPTION         
STAR Labs at Beihang University                             COMMENT             
FLASH Pro from STAR Labs @BUAA                              COMMENT             
  2020     1     1     0     0     0                        EPOCH OF FIRST MAP  
  2020     1     2     0     0     0                        EPOCH OF LAST MAP  
  3600                                                      INTERVAL            
    25                                                      # OF MAPS IN FILE   
  MSLM                                                      MAPPING FUNCTION    
Two-way carrier phase leveled to code                       OBSERVABLES USED    
   257                                                      # OF STATIONS       
    31                                                      # OF SATELLITES     
  6371.0                                                    BASE RADIUS         
     2                                                      MAP DIMENSION       
   450.0 450.0   0.0                                        HGT1 / HGT2 / DHGT  
    87.5 -87.5  -2.5                                        LAT1 / LAT2 / DLAT  
  -180.0 180.0   5.0                                        LON1 / LON2 / DLON  
    -1                                                      EXPONENT            
TEC/RMS values in 0.1 TECU; 9999, if no value available     COMMENT             
List of stations:                                           COMMENT             
abmf abpo adis aira albh alg3 algo alic ankr areg areq artu COMMENT             
aruc ascg aspa badg baie bake bamf barh bcov bor1 brew brft COMMENT             
brst brux bshm bucu bzrg cas1 ccj2 cebr cedu chan chpg chpi COMMENT             
chu2 chum chur chwk ckis clrs cnmr cord cpvg cro1 cusv cztg COMMENT             
dakr darw dav1 dgar djig dra3 dra4 drao dubo dyng eliz eur2 COMMENT             
faa1 fair flin flrs frdn ftna func ganp geno glps glsv gmsd COMMENT             
gode godn gods godz gol2 gold gop7 gope grac gras guug harb COMMENT             
hers hert hlfx hnpt hob2 hofn holb hrao ieng iisc iqal irkm COMMENT             
ista jfng joz2 joze jplm karr kat1 kerg kir0 kiri kiru kokb COMMENT             
kokv koug kour krgg lama laut lhaz lmmf lovj lpal m0se mac1 COMMENT             
mad2 madr mag0 maju mal2 mana mar6 mars mas1 mat1 mate maw1 COMMENT             
mayg mbar mcm4 meli metg mets mgue mikl mobj mobk mobn mobs COMMENT             
morp mro1 nano naur nico nist nium nklg nlib nnor nrc1 nril COMMENT             
ntka nya1 nyal ohi3 ons1 onsa orid palm park pdel penc pert COMMENT             
pets pgc5 picl pie1 pimo pngm pohn pol2 polv prd2 prd3 prds COMMENT             
ptal ptbb ptgg ptrf ptvl quad quin redu reun reyk rgdg riga COMMENT             
roth samo sant sask sc04 sch2 scor sey2 seyg sfer sofi solo COMMENT             
spt0 sthl stj2 stjo stk2 str1 str2 suth suwn svtl sydn syog COMMENT             
tfno thtg thti thu2 tid1 tidb tixg tixi tlse tlsg tong tow2 COMMENT             
tro1 tsk2 tskb uclu unbj usn7 usud vacs vald vill vis0 whit COMMENT             
will wroc wtza wtzr wtzs xmis yakt yar3 yarr yebe yel2 yel3 COMMENT             
yell yssk zeck zim2 zimm                                    COMMENT             
                                                            END OF HEADER       
[from data line 3003]
     8                                                      START OF TEC MAP    
  2020     1     1     7     0     0                        EPOCH OF CURRENT MAP
    87.5-180.0 180.0   5.0 450.0                            LAT/LON1/LON2/DLON/H
   26   26   26   26   27   27   27   27   27   27   27   27   27   27   27   27
   27   26   26   26   26   26   26   26   25   25   25   25   25   25   25   25
   24   24   24   24   24   24   24   23   23   23   23   23   23   23   23   23
   23   23   23   23   23   23   23   23   23   23   23   23   23   24   24   24
   24   24   25   25   25   25   25   26   26
    85.0-180.0 180.0   5.0 450.0                            LAT/LON1/LON2/DLON/H
   26   27   27   28   28   28   28   29   29   29   28   28   28   28   27   27
   27   26   26   26   25   25   25   24   24   24   24   24   24   23   23   23
   23   23   22   22   22   21   21   21   21   20   20   20   20   20   20   20
   20   20   20   20   20   20   20   20   20   21   21   21   21   21   22   22
   22   23   23   24   24   25   25   26   26
    82.5-180.0 180.0   5.0 450.0                            LAT/LON1/LON2/DLON/H
   27   28   28   29   30   30   30   31   31   30   30   30   29   28   28   27
   26   25   24   24   23   23   22   22   22   22   22   21   21   21   21   21
   21   20   20   20   19   19   18   18   17   17   17   17   17   17   17   17
   17   18   18   18   18   18   19   19   19   19   19   19   20   20   20   21
   21   22   22   23   24   25   25   26   27
    80.0-180.0 180.0   5.0 450.0                            LAT/LON1/LON2/DLON/H
   28   29   30   31   32   32   33   33   33   33   32   31   30   29   28   26
   25   24   22   21   20   20   19   19   19   19   19   19   19   19   19   19
   19   18   18   17   16   16   15   14   14   13   13   13   14   14   15   15
   16   17   17   18   18   19   19   19   19   20   20   20   20   20   20   21
   21   22   22   23   24   25   26   27   28
    77.5-180.0 180.0   5.0 450.0                            LAT/LON1/LON2/DLON/H
   29   30   31   32   33   34   35   35   35   35   35   34   32   30   29   27
   25   23   21   20   19   18   18   17   17   17   18   18   18   18   18   18
   17   17   16   15   14   13   12   11   10   10   10   11   11   12   14   15
   16   18   19   20   21   21   22   22   22   22   22   22   22   22   22   22
   23   23   24   25   25   26   27   28   29
    75.0-180.0 180.0   5.0 450.0                            LAT/LON1/LON2/DLON/H
   31   31   32   33   34   35   36   37   37   37   37   36   35   33   30   28
   26   23   22   20   19   18   18   17   17   17   17   18   18   18   18   17
   17   16   15   13   12   10    9    8    8    8    8    9   11   13   15   17
   19   21   23   24   25   26   27   27   27   27   27   26   26   26   26   26
   26   27   27   28   28   29   30   30   31
    72.5-180.0 180.0   5.0 450.0                            LAT/LON1/LON2/DLON/H
   32   32   32   33   33   34   36   37   38   39   39   38   37   35   33   30
   28   25   24   22   21   20   20   19   19   19   19   19   18   18   18   17
   17   16   14   13   11    9    8    7    7    8    9   10   12   15   18   20
   23   26   28   30   31   32   33   33   33   32   32   31   31   31   31   31
   31   31   31   32   32   32   32   32   32
    70.0-180.0 180.0   5.0 450.0                            LAT/LON1/LON2/DLON/H
   33   32   31   31   31   32   33   35   37   39   39   39   39   37   35   32
   30   28   27   26   25   24   24   23   22   22   21   20   19   19   19   18
   17   16   15   13   11   10    9    8    8    9   11   13   16   19   22   25
   28   31   34   36   37   38   39   39   39   38   37   37   36   36   35   35
   35   36   36   36   36   35   35   34   33
    67.5-180.0 180.0   5.0 450.0                            LAT/LON1/LON2/DLON/H
   33   31   29   28   27   28   29   32   34   36   38   39   39   38   36   34
   32   31   30   29   29   29   28   27   26   24   23   21   20   19   19   18
   18   17   15   14   12   11   10   10   11   13   16   19   22   25   28   31
   34   37   39   41   43   44   44   44   44   43   42   41   40   40   40   39
   39   39   39   39   38   38   37   35   33
    65.0-180.0 180.0   5.0 450.0                            LAT/LON1/LON2/DLON/H
   33   30   27   25   24   23   24   27   30   33   36   37   38   37   36   35
   34   33   32   32   32   32   31   29   28   25   23   21   20   19   18   18
   18   17   16   15   14   13   13   14   16   18   21   25   28   31   34   36
   38   41   43   45   47   48   48   48   47   46   45   44   44   43   42   42
   42   41   41   40   40   39   37   35   33
    62.5-180.0 180.0   5.0 450.0                            LAT/LON1/LON2/DLON/H
   33   30   26   23   21   20   20   22   25   29   32   34   35   35   35   34
   33   32   32   32   32   32   31   30   28   25   22   20   19   18   18   18
   18   17   17   16   15   15   16   18   21   24   28   31   34   37   39   40
   42   44   46   48   50   51   52   51   51   49   48   47   46   45   44   43
   42   42   41   40   40   39   38   36   33
    60.0-180.0 180.0   5.0 450.0                            LAT/LON1/LON2/DLON/H
   34   31   27   24   20   18   18   19   21   24   28   30   32   32   32   31
   30   30   29   29   29   29   29   27   25   23   20   18   17   17   17   17
   18   18   17   17   17   18   20   22   26   30   34   38   41   42   43   44
   45   47   49   51   53   55   55   55   54   52   51   49   48   46   45   43
   42   41   40   39   39   38   37   36   34
    57.5-180.0 180.0   5.0 450.0                            LAT/LON1/LON2/DLON/H
   36   34   31   27   23   20   19   18   20   22   25   27   28   29   29   28
   27   26   25   25   24   24   24   23   22   20   18   17   16   16   17   17
   18   18   18   19   19   21   23   27   31   36   40   44   46   47   48   48
   48   49   51   54   57   58   59   59   58   56   54   52   50   48   46   44
   42   41   39   39   38   38   38   37   36
    55.0-180.0 180.0   5.0 450.0                            LAT/LON1/LON2/DLON/H
   40   39   37   34   30   26   23   21   21   22   24   25   26   26   26   25
   24   22   20   19   18   18   19   19   19   19   18   17   16   17   18   19
   19   20   20   21   22   25   28   32   37   41   46   50   52   53   52   52
   52   53   55   58   61   63   65   64   63   61   59   56   53   50   48   45
   43   41   40   39   39   39   39   40   40
    52.5-180.0 180.0   5.0 450.0                            LAT/LON1/LON2/DLON/H
   44   44   44   42   39   35   31   28   26   26   26   26   26   26   25   24
   22   19   17   14   14   14   16   18   19   20   20   19   19   20   22   22
   22   22   22   24   26   29   33   37   42   47   52   56   58   59   59   58
   57   58   60   63   67   69   70   71   69   67   64   60   57   53   50   47
   45   44   42   41   41   41   42   43   44
    50.0-180.0 180.0   5.0 450.0                            LAT/LON1/LON2/DLON/H
   48   50   50   50   48   45   41   37   34   32   31   30   29   28   27   25
   23   19   16   13   12   14   17   21   24   25   25   25   25   26   27   28
   27   26   26   28   31   35   39   44   48   53   58   62   65   66   67   66
   65   65   67   69   72   74   76   76   75   73   69   65   60   56   53   50
   49   48   46   46   45   45   46   47   48
    47.5-180.0 180.0   5.0 450.0                            LAT/LON1/LON2/DLON/H
   52   53   55   56   56   55   51   47   43   40   38   36   35   34   32   30
   27   23   20   17   17   19   24   30   33   35   35   34   34   34   35   35
   33   31   31   33   36   41   46   51   55   59   64   69   73   75   76   76
   75   74   73   74   76   78   79   80   79   77   73   69   64   59   56   54
   53   52   51   51   50   50   50   50   52
    45.0-180.0 180.0   5.0 450.0                            LAT/LON1/LON2/DLON/H
   53   54   56   59   62   62   60   57   53   50   47   45   43   41   39   37
   35   31   28   26   27   31   37   44   48   48   46   44   43   44   44   43
   40   37   36   38   43   49   54   58   62   66   70   75   80   84   86   86
   84   82   80   78   78   79   80   81   81   79   76   71   65   61   58   57
   56   56   56   55   54   53   53   52   53
    42.5-180.0 180.0   5.0 450.0                            LAT/LON1/LON2/DLON/H
   52   52   54   58   63   66   66   65   62   58   56   54   52   51   49   47
   45   43   41   40   42   47   54   61   64   63   59   55   53   53   53   51
   48   44   42   44   50   56   62   66   69   72   76   81   87   93   96   96
   94   90   85   81   79   78   79   80   81   80   76   71   66   62   60   59
   59   60   59   58   57   56   54   53   52
    40.0-180.0 180.0   5.0 450.0                            LAT/LON1/LON2/DLON/H
   49   47   49   54   60   66   69   69   68   66   64   63   62   60   59   57
   57   56   56   57   60   66   73   79   81   77   71   65   62   62   62   59
   55   50   48   50   55   62   68   72   75   77   81   86   93   99  104  105
  102   96   89   83   78   76   77   78   80   79   76   72   67   63   62   61
   62   62   61   59   58   56   54   51   49
    37.5-180.0 180.0   5.0 450.0                            LAT/LON1/LON2/DLON/H
   45   43   43   47   55   62   68   70   70   70   70   70   70   69   68   68
   69   70   72   74   78   84   90   94   94   88   79   72   68   68   68   66
   61   55   52   54   60   67   72   76   79   81   84   89   96  103  109  111
  108  102   94   85   79   76   76   78   79   79   77   73   69   66   65   65
   65   64   62   59   57   55   53   49   45
    35.0-180.0 180.0   5.0 450.0                            LAT/LON1/LON2/DLON/H
   43   39   38   41   49   57   64   68   70   71   73   75   76   76   76   76
   78   82   85   89   93   98  102  104  101   93   83   75   71   72   73   70
   65   58   55   56   62   69   75   78   81   83   86   90   96  104  111  114
  113  108   99   91   84   80   79   81   83   83   81   78   75   73   73   73
   71   68   63   59   55   53   51   48   43
    32.5-180.0 180.0   5.0 450.0                            LAT/LON1/LON2/DLON/H
   44   39   36   38   45   53   60   64   67   69   72   76   79   80   80   82
   85   89   94   99  102  105  107  107  102   93   82   74   71   73   74   72
   66   60   56   57   62   69   74   79   82   84   86   90   95  103  111  116
  118  115  108  100   94   90   89   90   92   92   90   88   86   85   85   84
   81   75   67   60   56   53   52   49   44
    30.0-180.0 180.0   5.0 450.0                            LAT/LON1/LON2/DLON/H
   48   43   39   40   44   50   56   60   62   65   69   74   78   80   81   83
   87   92   98  102  104  105  105  102   96   87   77   70   68   70   73   71
   66   59   56   56   61   67   72   78   82   85   87   90   94  101  110  118
  123  124  121  115  110  106  105  106  107  106  104  103  102  102  102  100
   95   86   75   66   60   57   55   53   48
    27.5-180.0 180.0   5.0 450.0                            LAT/LON1/LON2/DLON/H
   56   51   47   45   47   51   54   56   57   59   63   69   74   77   79   80
   84   90   95   99  100   99   97   92   86   77   69   63   63   66   69   68
   63   57   54   55   59   64   70   76   82   87   89   91   95  101  111  121
  130  135  136  135  132  129  127  127  126  125  123  121  121  123  123  120
  113  102   89   77   69   64   62   60   56
    25.0-180.0 180.0   5.0 450.0                            LAT/LON1/LON2/DLON/H
   66   62   58   55   54   53   53   53   52   53   57   63   68   71   73   74
   77   82   88   91   91   88   84   79   73   66   60   56   57   60   63   62
   58   53   51   53   57   62   68   76   83   90   94   96   99  105  115  127
  139  148  154  156  155  153  151  150  148  146  143  142  143  145  145  141
  132  120  106   93   83   76   72   69   66
    22.5-180.0 180.0   5.0 450.0                            LAT/LON1/LON2/DLON/H
   77   74   70   66   62   58   55   51   49   49   52   56   61   64   65   65
   67   71   76   79   79   76   71   67   62   56   51   49   50   53   55   55
   52   49   49   51   55   61   67   77   87   96  102  105  107  113  122  135
  148  161  171  176  177  175  173  172  169  166  163  161  163  165  165  160
  151  139  125  111   99   90   83   79   77
    20.0-180.0 180.0   5.0 450.0                            LAT/LON1/LON2/DLON/H
   85   83   81   76   70   63   57   51   48   47   48   51   55   57   57   56
   57   60   64   66   67   64   61   57   53   49   45   43   44   46   48   48
   46   46   47   50   55   61   69   79   92  104  112  116  119  124  133  145
  159  172  184  191  193  192  191  189  186  182  178  177  178  180  180  175
  166  154  142  130  117  104   95   88   85
    17.5-180.0 180.0   5.0 450.0                            LAT/LON1/LON2/DLON/H
   90   89   87   83   76   67   59   53   48   47   47   49   51   51   49   47
   47   49   53   56   57   56   54   52   48   44   41   39   38   39   41   41
   41   42   46   51   57   63   72   84   99  113  124  130  134  138  145  155
  167  180  192  199  202  202  201  199  197  193  188  186  187  189  189  183
  174  165  155  144  131  117  103   94   90
    15.0-180.0 180.0   5.0 450.0                            LAT/LON1/LON2/DLON/H
   90   89   89   86   79   69   60   54   50   49   48   49   49   47   45   42
   40   42   45   49   51   53   53   51   48   43   39   35   34   34   35   36
   37   40   45   52   59   66   76   89  105  122  135  143  148  153  158  165
  174  184  194  200  202  203  203  204  202  198  193  190  191  192  191  185
  177  169  162  154  141  125  109   96   90
    12.5-180.0 180.0   5.0 450.0                            LAT/LON1/LON2/DLON/H
   87   86   86   84   77   68   60   55   53   52   51   51   49   47   43   40
   38   39   42   46   50   53   55   54   50   44   38   34   31   30   31   33
   35   39   46   53   61   70   80   94  111  128  143  154  161  165  169  173
  179  185  191  195  197  199  201  204  203  199  193  190  190  192  190  184
  175  169  164  158  146  129  111   95   87
    10.0-180.0 180.0   5.0 450.0                            LAT/LON1/LON2/DLON/H
   82   79   79   78   73   65   58   55   54   55   55   54   52   49   45   41
   40   40   43   47   52   56   58   58   53   46   39   33   29   28   29   31
   34   39   46   55   64   73   83   97  114  132  148  160  168  173  177  179
  181  184  186  188  190  193  198  203  204  200  193  189  189  190  188  182
  173  167  162  157  146  130  110   93   82
     7.5-180.0 180.0   5.0 450.0                            LAT/LON1/LON2/DLON/H
   78   72   72   71   67   60   55   53   55   57   58   57   55   52   48   45
   44   45   48   51   55   59   61   60   56   48   40   33   29   28   29   31
   35   40   47   56   65   75   85   99  114  131  147  160  170  177  181  182
  182  182  182  183  185  190  198  205  207  203  196  192  191  192  191  184
  175  166  160  155  145  129  109   90   78
     5.0-180.0 180.0   5.0 450.0                            LAT/LON1/LON2/DLON/H
   76   68   66   65   62   56   52   51   54   57   59   59   57   55   52   50
   49   51   53   55   58   61   62   61   56   48   40   34   30   29   29   32
   35   41   48   56   65   75   86   98  112  128  142  155  166  175  181  183
  183  182  181  181  184  192  202  212  215  212  205  199  199  201  200  194
  183  172  163  154  144  129  110   90   76
     2.5-180.0 180.0   5.0 450.0                            LAT/LON1/LON2/DLON/H
   77   67   63   61   58   53   50   49   52   55   58   59   58   56   54   53
   54   56   57   58   58   59   60   58   54   47   41   36   32   31   31   33
   37   42   48   56   65   75   85   96  108  121  134  147  158  169  178  183
  185  185  184  185  190  199  212  224  229  226  219  214  214  217  217  212
  200  185  171  158  146  131  114   94   77
